y_true,y_pred,prob_class_Bundesliga,prob_class_Bundesliga 2,prob_class_EFL Championship,prob_class_LaLiga,prob_class_LaLiga 2,prob_class_Ligue 1,prob_class_Ligue 2,prob_class_Premier League,prob_class_Serie A,prob_class_Serie B,erreur,pays_true,pays_pred,meme_pays
EFL Championship,Premier League,0.0155097193026675,0.0093547075009584,0.3971661813316738,0.1242418514979784,0.0018400023268169,0.0215165214493621,0.0008359006791713,0.4176535908360607,0.0035864101255794,0.0082951149497312,True,Angleterre,Angleterre,True
Ligue 2,Serie B,0.0057640149462064,0.2690580311778068,0.0777656702141242,0.0012581661139264,0.1714053249970441,0.0042187029284057,0.1452197794270417,0.0092137551369831,0.013290940034303,0.302805615024158,True,France,Italie,False
EFL Championship,Premier League,0.0079761882550718,0.0377691145133924,0.2632117442908874,0.004748676610233,0.0255045002449405,0.0125602029253547,0.0197612830243598,0.5839209369963516,0.0129501666538698,0.0315971864855386,True,Angleterre,Angleterre,True
Premier League,EFL Championship,0.0072900130704524,0.0033784568268953,0.7605781190359553,0.0180116533348502,0.0029897821932722,0.0018356474708626,0.0022509057681187,0.1903508049056843,0.0108317423654186,0.0024828750284902,True,Angleterre,Angleterre,True
LaLiga,EFL Championship,0.0144479618742302,0.0038407717982691,0.5654608337538669,0.2736249488047067,0.0142896757772807,0.0130774716986957,0.0403461453386754,0.0689298955095442,0.0046215479556696,0.0013607474890614,True,Espagne,Angleterre,False
Ligue 2,EFL Championship,0.0028363539463988,0.0289706474526421,0.652312884512078,0.0017862613233057,0.1619249576688401,0.0162253775350279,0.0844789219618054,0.0191199754217782,0.0144032071895608,0.0179414129885623,True,France,Angleterre,False
LaLiga 2,EFL Championship,0.0077909622617781,0.0311178050857731,0.7829619510053372,0.0022181064565877,0.0103978015752801,0.0120040414613536,0.0119136227106161,0.0195252764487188,0.0137029492054861,0.108367483789069,True,Espagne,Angleterre,False
Serie B,Serie A,0.3325142728714932,0.0321776493055268,0.0021734362166838,0.0447383405313373,0.0020448806702266,0.0767969620471742,0.00046754473846,0.00225188850399,0.442140370354933,0.0646946547601747,True,Italie,Italie,True
LaLiga,LaLiga 2,0.0155557003703247,0.0108808518994638,0.01676467139041,0.183183942953529,0.6674635798754028,0.0109549515385463,0.03519599167247,0.0054928679718422,0.0347679968863998,0.019739445441611,True,Espagne,Espagne,True
Ligue 1,Serie A,0.0037266065128748,0.0107752217073492,0.0024105497740843,0.0551740719389968,0.2307680940934011,0.2959862037341874,0.0066443208365757,0.0040609254789282,0.3601051230213685,0.0303488829022335,True,France,Italie,False
Serie A,Serie B,0.0136556340848731,0.0584822985955584,0.0711439890124464,0.0389967413652586,0.1817817304819302,0.0118803517971183,0.1696832223794553,0.0031231821883122,0.1496897906865387,0.3015630594085086,True,Italie,Italie,True
Bundesliga 2,Bundesliga,0.8279956446612817,0.0377383092281859,0.0513201880752837,0.0035774035861949,0.0171191094741614,0.0117421214130156,0.0132439105109842,0.0101873822458976,0.016481953181329,0.0105939776236654,True,Allemagne,Allemagne,True
Premier League,Serie A,0.1126121701316255,0.0010272627330244,0.0008322405621584,0.0791034501206702,0.0008026833508713,0.1627457109580973,9.547823587882412e-05,0.1262929319087908,0.5162346748910028,0.0002533971078799,True,Angleterre,Italie,False
Ligue 2,EFL Championship,0.0025886044426405,0.0410993870466092,0.5847526099917867,0.0243809481112763,0.1334607385782118,0.0078247557890162,0.143593570934589,0.0168430023124221,0.0069115347852254,0.0385448480082224,True,France,Angleterre,False
Serie B,Serie A,0.0054501687333886,0.0041932239581993,0.0015496808934569,0.0034888168938837,0.0036051824729933,0.0062405808819382,5.9587213669254e-05,0.0019498449202389,0.9573111161613196,0.0161517978709116,True,Italie,Italie,True
LaLiga 2,LaLiga,0.0105568462476695,0.0170173766593113,0.0055671545325381,0.6579254159517268,0.191728900579348,0.0345435891125538,0.0010916096658546,0.0084217105463836,0.0357753886431656,0.0373720080614481,True,Espagne,Espagne,True
LaLiga 2,EFL Championship,0.0037237552849525,0.0871630453761098,0.6903356972426196,0.0173070754179757,0.0370401128505814,0.0167000623652278,0.008077666753031,0.0984758038117318,0.0042895035214143,0.0368872773763556,True,Espagne,Angleterre,False
Serie B,LaLiga,0.0323662456384661,0.0345543254963485,0.0326893712236191,0.2458115622710053,0.2111189292892125,0.0312590758186411,0.0089031226270125,0.0096536009643026,0.2094048907538985,0.1842388759174935,True,Italie,Espagne,False
Serie A,Serie B,0.029811716968595,0.0246966285183193,0.1878174819091823,0.0142735403947258,0.0259139958411798,0.0702106495806129,0.0209203024934835,0.0660587985413837,0.2395245410796763,0.3207723446728408,True,Italie,Italie,True
Serie B,Premier League,0.0029174889846239,0.0198373254151894,0.1788604825775041,0.2525119343511868,0.005834561782404,0.0073798881984042,0.0735951196226623,0.4500499298876727,0.0085453061957226,0.0004679629846297,True,Italie,Angleterre,False
Serie A,Serie B,0.011860523469466,0.0329708922935821,0.0427924642740699,0.0376301806077317,0.0695475156212582,0.0124721980351699,0.0057049613351982,0.0034417448133812,0.2613241332242248,0.5222553863259176,True,Italie,Italie,True
LaLiga 2,LaLiga,0.0511833234195556,0.0109024707524908,0.020452296216614,0.6066025095615045,0.2073769823914908,0.0375919343825555,0.0302163261449989,0.011157992153953,0.0175621881065785,0.0069539768702581,True,Espagne,Espagne,True
Bundesliga 2,Premier League,0.1405852623438089,0.0530257521382768,0.1295848644885338,0.0957051103230716,0.1333395832734853,0.0523884484913708,0.004768467457214,0.2503262783504731,0.1282078811992115,0.0120683519345538,True,Allemagne,Angleterre,False
Bundesliga,EFL Championship,0.0430232559692826,0.0154190347371056,0.6124010492476052,0.0082757526912026,0.0040434068886811,0.05004038649369,0.0411169271327661,0.1703282964306824,0.0104296472569817,0.0449222431520023,True,Allemagne,Angleterre,False
Bundesliga 2,LaLiga 2,0.0397446697689216,0.0710677170134341,0.1986582864323108,0.0092234507810914,0.4311161588150737,0.0121560079348897,0.0993939038073537,0.0041099376359849,0.0494647115202763,0.0850651562906633,True,Allemagne,Espagne,False
Bundesliga 2,Serie A,0.0526246663431186,0.1648246719448402,0.0268083297917554,0.0814175852859893,0.0171499637130782,0.0186088231349302,0.0031732755189651,0.003750013693292,0.604532498388645,0.0271101721853856,True,Allemagne,Italie,False
Premier League,EFL Championship,0.0068953483133197,0.0047047912475397,0.779140464104845,0.0115581238819682,0.0031457812021663,0.0018993632980114,0.0015696328816414,0.1896604565000282,0.0010006983431991,0.0004253402272806,True,Angleterre,Angleterre,True
LaLiga 2,Ligue 2,0.0004611024515163,0.0962573290760193,0.0593839788334434,0.0099927572379258,0.0591029692561188,0.0006131904363915,0.5251471462194588,0.0023217776302137,0.0028745225765166,0.2438452262823955,True,Espagne,France,False
Ligue 2,EFL Championship,0.0072216381833035,0.0453905244200757,0.342287867542848,0.0202067371019726,0.0808150255786975,0.1728784446519947,0.1116243131906106,0.0427878288795575,0.0197538408928098,0.1570337795581296,True,France,Angleterre,False
Premier League,EFL Championship,0.0596138488121071,0.0046809831315918,0.702118113294879,0.0110809274939519,0.0008184408159996,0.0116564406139345,0.0008184515980353,0.2060870660377177,0.0027216732983797,0.0004040549034029,True,Angleterre,Angleterre,True
Ligue 2,EFL Championship,0.0087929089454747,0.0143405234141064,0.3371254962323274,0.0058905015665674,0.07094752565058,0.0246020805150221,0.3108426114739807,0.0107002707247083,0.0809218016402337,0.135836279836999,True,France,Angleterre,False
Premier League,EFL Championship,0.0103841078061435,0.009793207002239,0.5814517978536501,0.0072468854975927,0.0086706358008023,0.0036278469807117,0.0226074369354546,0.3091578519379355,0.0111514384153816,0.0359087917700884,True,Angleterre,Angleterre,True
Serie B,Ligue 2,0.0007210304501077,0.0026542159227284,0.0102189343720028,0.000256028118952,0.0096916687314512,0.0018686701643292,0.6214379402209433,0.0001566954620713,0.0015246011135556,0.351470215443858,True,Italie,France,False
LaLiga 2,LaLiga,0.010967486663922,0.0774776714975078,0.002359352890565,0.5339642954829525,0.3456249356811246,0.0101957799983652,0.0005779171741211,0.0041091071084231,0.0055115812295135,0.0092118722735048,True,Espagne,Espagne,True
Premier League,EFL Championship,0.0018572521440107,0.0349454566034736,0.5039648493971953,0.0026808593189328,0.0063600569298607,0.0992453899588877,0.0964648642036629,0.2249319552498745,0.0087318093551084,0.0208175068389929,True,Angleterre,Angleterre,True
EFL Championship,Premier League,0.0008509811116655,0.0274113619954505,0.3122206023704266,0.0128092565549173,0.1409309845306063,0.0132245659118345,0.0302761901330492,0.3835875866450018,0.0614471523103615,0.0172413184366866,True,Angleterre,Angleterre,True
LaLiga 2,Serie B,0.0002621763859476,0.1866612898596237,0.1372591784347236,0.0002569755273558,0.0973860928074262,0.0002027423260382,0.2097156878822558,0.0003851773583047,0.0027512151351047,0.3651194642832192,True,Espagne,Italie,False
Ligue 1,Premier League,0.0224795187354043,0.0061769233907749,0.2149356703783374,0.0285349190676064,0.1372932344204442,0.1882834753869175,0.0999555196184393,0.2216096075803831,0.0153359567252874,0.0653951746964052,True,France,Angleterre,False
Premier League,EFL Championship,0.0170599720835314,0.0537758252692262,0.520379266553724,0.0090344731042737,0.0364833120914471,0.018812225865731,0.0379815133639986,0.1609645033661342,0.0856559583201454,0.0598529499817878,True,Angleterre,Angleterre,True
Premier League,EFL Championship,0.0007631200013472,0.0001901658992165,0.9495737362763824,0.0005687266055047,0.0001027376461384,0.0005667416211948,0.000124556618481,0.0467564717660387,0.0011254885040695,0.0002282550616264,True,Angleterre,Angleterre,True
LaLiga 2,LaLiga,0.0152858717854379,0.076486354066242,0.0319981024092918,0.4767394505740742,0.1492849594515441,0.1639601552597283,0.0329397834560892,0.0109651037549098,0.0136863839490095,0.028653835293673,True,Espagne,Espagne,True
LaLiga 2,LaLiga,0.1429215195662647,0.0242251309768749,0.0451091260050473,0.3134275627957848,0.1565530151518457,0.112101053932528,0.0031342716358636,0.0903136476877673,0.099706931418641,0.0125077408293824,True,Espagne,Espagne,True
Serie A,LaLiga 2,0.0002613905906207,0.0511334253748143,0.0205094524854439,0.0060525600525456,0.4993932612465019,0.0019522661918792,0.0008638158695424,0.0012483342324435,0.0153971970449003,0.4031882969113075,True,Italie,Espagne,False
Bundesliga,Bundesliga 2,0.2817341808159376,0.281956478029384,0.072461357911664,0.0298809868869955,0.0328795787969888,0.0209224042913793,0.0919633831668704,0.0036710576762943,0.0208200772995695,0.1637104951249161,True,Allemagne,Allemagne,True
Serie B,Bundesliga 2,0.0967686323230288,0.2568048921015,0.0899352705309126,0.0303324261453079,0.0773202444349436,0.0604020157966279,0.0331514001321409,0.0159431856865654,0.2515545136388636,0.0877874192101089,True,Italie,Allemagne,False
LaLiga 2,LaLiga,0.0125586880235655,0.008032290598641,0.0539821840662175,0.2795634643871235,0.1914852920430357,0.1911837629139336,0.0149194184905709,0.0770772209855077,0.0118971870818548,0.1593004914095493,True,Espagne,Espagne,True
Bundesliga 2,Serie B,0.0075373678908573,0.0639892943094996,0.1764907836346705,0.0456902957612615,0.1175716606715594,0.029729677527112,0.2065989463276462,0.0296795158802776,0.0176655319579321,0.3050469260391835,True,Allemagne,Italie,False
Ligue 2,EFL Championship,2.5076750295866037e-05,0.0253084720419442,0.9278146192600396,9.677221903593909e-05,0.0173470835914005,0.0009153901579482,0.0170854401370447,0.0011000049379052,0.000187884711744,0.010119256192641,True,France,Angleterre,False
Serie B,Serie A,0.028650801044476,0.0299017083955814,0.0071738302049234,0.0383245742295871,0.005627908633697,0.0558592388600132,0.0004455811249516,0.0116022779493297,0.5333403924925747,0.2890736870648658,True,Italie,Italie,True
EFL Championship,LaLiga,0.1503330401764658,0.0044703340262068,0.2490239443629631,0.4100064723983668,0.0037376328196086,0.0483124840976966,0.0072157054764909,0.103623561203884,0.0158371023028355,0.0074397231354813,True,Angleterre,Espagne,False
Premier League,EFL Championship,0.003841641748205,0.0013212803412112,0.7456208026377111,9.185500100435134e-05,0.0004376966378586,0.0005163667612056,0.002501680371775,0.2440465249192732,0.0013242866874236,0.0002978648943316,True,Angleterre,Angleterre,True
Premier League,EFL Championship,0.0238723537404042,0.0101127415129582,0.4526713589177645,0.0300729158346108,0.038470528726721,0.0557348759115218,0.006042506482839,0.3741390207451345,0.0032868080298733,0.0055968900981722,True,Angleterre,Angleterre,True
Bundesliga,LaLiga 2,0.0615330142922249,0.131951923492571,0.0147539341368501,0.1679499524565992,0.467257485040227,0.0230441903517828,0.0929491407548475,0.0094534248630164,0.0066938988627665,0.024413035749114,True,Allemagne,Espagne,False
Bundesliga 2,LaLiga 2,0.0072224816459677,0.1181548087810181,0.0299519876072523,0.0689323747022027,0.4064862431499761,0.0012030170080746,0.0202234032074441,0.0032263578420074,0.1817870310907939,0.1628122949652626,True,Allemagne,Espagne,False
LaLiga 2,LaLiga,0.0025564053980244,0.0126869998997714,0.0192838575496634,0.5532567704170499,0.2771726325904215,0.0091696401861714,0.0167682991593499,0.0111587875070712,0.0305146421455981,0.0674319651468783,True,Espagne,Espagne,True
Bundesliga 2,Serie B,0.0255876357140245,0.0426002118294793,0.0355505965476931,0.0354349472375491,0.0665649927902187,0.0060895508319214,0.258438810269866,0.000626378027229,0.1917407228846825,0.3373661538673358,True,Allemagne,Italie,False
LaLiga 2,LaLiga,0.0150547400843291,0.0146683206983288,0.0221418847185369,0.699579634097628,0.1239230205002629,0.0141698785681736,0.0261234675103012,0.0157384830412276,0.06488083028185,0.0037197404993615,True,Espagne,Espagne,True
Ligue 1,Ligue 2,0.0108029648504442,0.0071203058385531,0.1289998486259636,0.0866597813056822,0.1000778638128806,0.0946362018541732,0.5128696505267505,0.0289220480077088,0.0169563582759367,0.0129549769019067,True,France,France,True
Serie B,EFL Championship,0.0085456147608836,0.0087881978598239,0.197777537461724,0.1036120514562137,0.0768614359515437,0.1652945243711138,0.0939901196335274,0.1326801550652621,0.0360685668815857,0.1763817965583216,True,Italie,Angleterre,False
Serie A,EFL Championship,0.0052210233256534,0.0142006200762223,0.2929028349583778,0.0151283456094385,0.0841839279926835,0.0033791528531979,0.1657694100936041,0.0078601482380296,0.2051349986938769,0.2062195381589157,True,Italie,Angleterre,False
Serie B,EFL Championship,0.0188933277179836,0.0054022798404065,0.2263635605230159,0.0130545072326541,0.1643280768084199,0.0905853499145618,0.2259176010165066,0.1422313630204864,0.0201160994792702,0.0931078344466946,True,Italie,Angleterre,False
EFL Championship,Premier League,0.0006011586281218,0.0041471323717569,0.4601947803782241,0.0023757270930818,0.0037411697482416,0.0057404812710495,0.0057971600550937,0.5055876423401179,0.0055572841745374,0.0062574639397749,True,Angleterre,Angleterre,True
Bundesliga,EFL Championship,0.0882066515928296,0.0542604335117468,0.2195994139455616,0.0698053534841728,0.1614155835151161,0.1065863085917949,0.1637890976490369,0.0734827524019601,0.0050548103073486,0.057799595000432,True,Allemagne,Angleterre,False
Serie B,Serie A,0.0650011079678853,0.1020164491464571,0.0011640580316302,0.0117954239018005,0.2102663156910424,0.0014722952890579,0.0003453876403055,0.0001563645748549,0.5211691057007751,0.0866134920561906,True,Italie,Italie,True
EFL Championship,Premier League,0.0057103277905144,0.0071773104614658,0.3064416244459915,0.0014847227808142,0.0002745250521317,0.0025655463485332,0.0009109319095964,0.6737240533277512,0.0014078477150123,0.0003031101681891,True,Angleterre,Angleterre,True
Serie A,Serie B,0.0019467906604383,0.0366098586328803,0.0558652074678672,0.0022514155222498,0.0361463727694159,0.002631307571667,0.1930783051014084,0.0004174977070233,0.0987306349841386,0.5723226095829109,True,Italie,Italie,True
Bundesliga 2,EFL Championship,0.0105394090843775,0.1593789914930917,0.4903992314074265,0.0066298480339453,0.0134668221121265,0.0193597345743554,0.0009584339492435,0.2337975944923488,0.050647190710048,0.0148227441430361,True,Allemagne,Angleterre,False
EFL Championship,Premier League,0.0268659659922975,0.0243875461506676,0.3966019639423807,0.0067136563001863,0.0067868712092147,0.008471106804028,0.0014829988827826,0.5257833238680748,0.001659069269535,0.0012474975808324,True,Angleterre,Angleterre,True
Bundesliga 2,EFL Championship,0.0061765183298479,0.0236748541186962,0.88919786049902,0.0093108161993513,0.0015179515401031,0.0049149556795046,0.0123447604132464,0.0498789485141701,0.0023082541645525,0.0006750805415072,True,Allemagne,Angleterre,False
Serie B,Serie A,0.0006074643272842,0.0148323565314524,0.0366602903696328,0.0035844705147955,0.0247563119159919,0.0055461083812394,0.009648853937466,0.0107371273776162,0.5520392209941931,0.341587795650328,True,Italie,Italie,True
Bundesliga 2,EFL Championship,0.042638651404773,0.0198675307990475,0.6623342703361507,0.0083915595149453,0.0151733066788891,0.0030210215954059,0.0539694803333822,0.1484926132237851,0.0378263408449899,0.0082852252686312,True,Allemagne,Angleterre,False
Bundesliga 2,Bundesliga,0.2767831396420463,0.2511872819165325,0.0113644460275664,0.0096422238027497,0.0438279745131318,0.0064440628261113,0.0205533402064775,0.0021540058047051,0.1095317959683035,0.2685117292923756,True,Allemagne,Allemagne,True
Bundesliga,Ligue 2,0.2546961740991951,0.055939430223102,0.2437868752112384,0.0470137678836012,0.0061523944967432,0.0035163489928824,0.3057024589433633,0.0386108168479101,0.0325689663072852,0.0120127669946786,True,Allemagne,France,False
Premier League,EFL Championship,0.0010816599325419,0.0120862237861134,0.5984614012518716,0.0016238812044752,0.0036557034742742,0.0195372172707922,0.014080092102398,0.3020274225249214,0.006091451953028,0.0413549464995838,True,Angleterre,Angleterre,True
LaLiga 2,LaLiga,0.0118195897709014,0.070566576966714,0.01688933360313,0.2532655668239711,0.2521641942711533,0.2255426574144559,0.0065004915531715,0.0192577528012245,0.1084410121710809,0.0355528246241971,True,Espagne,Espagne,True
Premier League,EFL Championship,0.0242664428619217,0.0102165827550364,0.5698188775229475,0.0216390918605799,0.0375548991976633,0.0422268560740097,0.0145314285046762,0.2668405273692759,0.0076016443358234,0.0053036495180656,True,Angleterre,Angleterre,True
Serie B,LaLiga 2,0.0001727539010907,0.0994119465124246,0.2264862905469746,0.0001661403394567,0.3874415613602578,0.0017512450427389,0.0345606801840266,0.0026440859834243,0.0056747673547379,0.2416905287748675,True,Italie,Espagne,False
Premier League,EFL Championship,0.0439006211536475,0.0272720557473638,0.6201036219068968,0.0073115620477006,0.0168321596364253,0.0194417447061982,0.0493707633114453,0.2051703381196888,0.0033696419475953,0.007227491423038,True,Angleterre,Angleterre,True
Bundesliga,Premier League,0.2819247983610602,0.0294090784976023,0.1248967060181622,0.03810115777764,0.0319583822087636,0.1023150298633223,0.0128088423397793,0.3508539371129464,0.0082076567929595,0.0195244110277639,True,Allemagne,Angleterre,False
EFL Championship,Bundesliga,0.5477864009553566,0.0059129797192192,0.3692406802883605,0.0045770375612184,0.0003242018602931,0.0437577080079567,0.000757866916035,0.023003597500467,0.0043932280278954,0.0002462991631977,True,Angleterre,Allemagne,False
Premier League,EFL Championship,0.1698412750376457,0.0289906860073363,0.510465343718182,0.0788071794807364,0.0031084922204424,0.0552824375329259,0.0138103545912506,0.1216033536385857,0.0160087248497135,0.0020821529231813,True,Angleterre,Angleterre,True
EFL Championship,Premier League,0.0074824653115852,0.0216059970417545,0.3007043526460631,0.0783805378259546,0.0374383907992471,0.0417946711268889,0.0176176617339992,0.4595539894515711,0.0164804129436695,0.0189415211192667,True,Angleterre,Angleterre,True
Bundesliga 2,Bundesliga,0.535048726840611,0.1244217749216845,0.0430225031455564,0.0921551257463376,0.0042495998762589,0.0563907076718585,0.0003757398958356,0.038666635424693,0.105458849688854,0.0002103367883098,True,Allemagne,Allemagne,True
LaLiga 2,Serie A,0.2007718297160652,0.0417468589598074,0.0524470387137967,0.0052822110401461,0.0114443971001236,0.0232119816072296,0.0021470355105058,0.0031017779772896,0.3498744279072858,0.3099724414677497,True,Espagne,Italie,False
LaLiga 2,EFL Championship,0.0019765470666013,0.1154282984987982,0.3555113859814336,0.0027921474963485,0.2301478057690579,0.0137359288238908,0.2394068040120491,0.0110955477565091,0.0025892516995403,0.0273162828957708,True,Espagne,Angleterre,False
LaLiga,Bundesliga,0.5548685718435062,0.0416750820664258,0.0740128062181289,0.2035696843680059,0.0209885811782124,0.0453910322984461,0.0185767288123242,0.013885563370527,0.0105568871793735,0.0164750626650498,True,Espagne,Allemagne,False
Premier League,EFL Championship,0.0003467721109084,0.002116955161678,0.5105965990502941,0.0028963169464447,0.0477390250691593,0.0103937108291967,0.007275918066035,0.3982475527578031,0.0144949576407736,0.0058921923677066,True,Angleterre,Angleterre,True
Ligue 1,EFL Championship,0.000952025769274,0.0265155902664374,0.5730867832666582,0.0013832431273255,0.0002984933185097,0.2151591950669434,0.01773508623168,0.153983928951635,0.0098422536175166,0.0010434003840198,True,France,Angleterre,False
Ligue 2,EFL Championship,0.0099635219800221,0.0491071924454858,0.4837301975061257,0.0018427757720373,0.160877404020111,0.0148486580020075,0.0773319358724179,0.013483210272966,0.0699446146072001,0.1188704895216261,True,France,Angleterre,False
Bundesliga 2,Bundesliga,0.2898196370340199,0.2627006553886191,0.0911286183181694,0.0927127251971761,0.0219554609024375,0.1057170618033761,0.0064238763292582,0.0258804442154222,0.0993739248055234,0.0042875960059977,True,Allemagne,Allemagne,True
LaLiga 2,Ligue 1,0.0279054400951262,0.0089705733551385,0.0724769635152672,0.0304211619571838,0.1130190070015734,0.2932406304041347,0.2103112510463844,0.1330757292682911,0.0242478196553573,0.0863314237015429,True,Espagne,France,False
EFL Championship,Premier League,0.0014230634018358,0.0587388826690539,0.2933986618103223,0.009517904342657,0.0185145222478585,0.0051947084407892,0.0097986849251578,0.4566485250119098,0.0750482390610657,0.0717168080893497,True,Angleterre,Angleterre,True
Premier League,EFL Championship,0.004562803875822,0.0069728042118529,0.7622449646493885,0.0058183913952905,0.0002036609144555,0.0030180269210237,0.0005687948914911,0.2125850096712828,0.0038104334086145,0.000215110060778,True,Angleterre,Angleterre,True
Premier League,EFL Championship,0.0874394223262734,0.029761597152514,0.4873380106773012,0.0484288967193775,0.0093932957576194,0.0317603737440519,0.0040554718115942,0.2397441554443526,0.0421004051657894,0.0199783712011259,True,Angleterre,Angleterre,True
Bundesliga 2,EFL Championship,0.0081938547096149,0.1689072538865865,0.3024103080740979,0.0018476477189748,0.0799852712631861,0.0021235699383235,0.2805457575475262,0.0181460243795342,0.0323226485007143,0.1055176639814412,True,Allemagne,Angleterre,False
LaLiga,EFL Championship,0.0060961857051143,0.0045551072442365,0.5012610881843537,0.0649017142241371,0.0736056780655405,0.0256412055784063,0.0095145644863952,0.3025955530785513,0.0062737618798312,0.0055551415534334,True,Espagne,Angleterre,False
Premier League,EFL Championship,0.0553979179403981,0.0226738720842429,0.7383746976710203,0.0015493056503209,0.0003846660980518,0.0043105297430428,0.0005550020325325,0.1582310276236225,0.0166227478720602,0.0019002332847078,True,Angleterre,Angleterre,True
Bundesliga,EFL Championship,0.1444013581468077,0.040653972148905,0.3404613699259664,0.1031995127738603,0.0071036216643718,0.1395780465366884,0.1008569468335221,0.1047956387924708,0.0129558663429151,0.0059936668344919,True,Allemagne,Angleterre,False
Premier League,EFL Championship,0.01480825252725,0.0178677632771072,0.4570129012826162,0.0183972853688085,0.0037272597674115,0.0038025159160131,0.0061542818676495,0.4212254193853844,0.0152562874093278,0.0417480331984316,True,Angleterre,Angleterre,True
Serie B,LaLiga 2,0.0003836539465262,0.1376744317513119,0.0470414201130208,0.0119586977442921,0.7041058520289782,0.0101499399518958,0.0055802748522085,0.0014524360487026,0.0137393400555349,0.0679139535075285,True,Italie,Espagne,False
Ligue 2,EFL Championship,0.0007595389040108,0.0085800189077551,0.7275770548256185,0.0009135691706055,0.0047860026230542,0.0121623085803154,0.0650351344369581,0.1529124410631429,0.012757017907857,0.0145169135806821,True,France,Angleterre,False
Serie A,LaLiga 2,0.0046993709933424,0.0235062800775877,0.0435840728974189,0.0115904346467523,0.4941049292031289,0.0129389417356497,0.0041350595250079,0.0209424455892109,0.1843243233237877,0.2001741420081134,True,Italie,Espagne,False
Premier League,EFL Championship,0.0257568856185928,0.0035084054541552,0.5737330989733771,0.0092199909594107,0.0042285841993721,0.0221081328712937,0.0023134703139722,0.3483367861187763,0.0059450388360394,0.0048496066550099,True,Angleterre,Angleterre,True
EFL Championship,LaLiga,0.0269291217182453,0.0623874425431188,0.1523460014432612,0.5594437167494729,0.0018434551276217,0.0240705457039606,0.0020797835855083,0.1313259140564961,0.0349766516251972,0.0045973674471176,True,Angleterre,Espagne,False
EFL Championship,Premier League,0.0677537390728009,0.002217011946268,0.4107802776478179,0.0014577306001974,0.0003415703470528,0.005176271093821,0.0010248894884206,0.508116438460725,0.0017112041923811,0.0014208671505149,True,Angleterre,Angleterre,True
Premier League,EFL Championship,0.0023587246913818,0.001892607965776,0.634717304364623,0.0002055200249601,5.193800520307304e-05,0.0037435786800824,0.0038194166097015,0.3519151631677703,0.0007971844238708,0.0004985620666305,True,Angleterre,Angleterre,True
LaLiga 2,Premier League,0.0161628048393679,0.0271585820107486,0.0220616469157961,0.0972862740853119,0.0463789673287348,0.2599727891163925,0.001668903012281,0.4811272613368772,0.0297748356067828,0.0184079357477067,True,Espagne,Angleterre,False
LaLiga 2,Serie B,0.0022112634666913,0.0929833128401252,0.0161135507698412,0.0345073232677394,0.1896309430782134,0.0039633723606996,0.0018083166032031,0.0039846770299677,0.1360278559013034,0.5187693846822152,True,Espagne,Italie,False
EFL Championship,Premier League,0.0010075433411336,0.0023314464424243,0.3205536311037396,0.0113990392107554,0.0282891503851283,0.0143387733697233,0.0094537632866015,0.5985966966981766,0.0078219841535429,0.006207972008774,True,Angleterre,Angleterre,True
Serie B,Bundesliga 2,0.0031670027737007,0.844375858692997,0.0524301578371043,0.002997615573917,0.0030005785952939,0.0010613783341865,0.0063873148904752,0.0080829472470076,0.047943650461365,0.0305534955939526,True,Italie,Allemagne,False
Ligue 2,Premier League,0.0057228515904459,0.018369216437222,0.1853319394739769,0.0494552284246631,0.1021669356270623,0.0036481213548563,0.2718216322666691,0.2730993662101366,0.0341054536957352,0.0562792549192321,True,France,Angleterre,False
Premier League,EFL Championship,0.1517654435593238,0.0085216958669913,0.3684377043419309,0.0082774571785356,0.0088700852571312,0.1310238916235727,0.0233701114782429,0.2743073085311495,0.0149153980949126,0.0105109040682092,True,Angleterre,Angleterre,True
Ligue 2,Ligue 1,0.0046256179783938,0.045196955205369,0.0926960169857666,0.0022969644180513,0.0053565321790608,0.3940286379733314,0.3178763171083389,0.0437863341806847,0.0302627448114744,0.0638738791595289,True,France,France,True
Serie B,Bundesliga 2,0.1661867766281056,0.3603827973572691,0.0932009229292371,0.0618109682956704,0.0206185042404267,0.0438660703853699,0.0998767662233213,0.0277417727847764,0.0839789347034924,0.0423364864523308,True,Italie,Allemagne,False
Ligue 2,Ligue 1,0.0653387123399592,0.0191585092561271,0.0557597027566284,0.027999496415403,0.0140594769237434,0.7193283699747802,0.0349074274511803,0.0379523940234894,0.0224813881607717,0.0030145226979168,True,France,France,True
Ligue 2,EFL Championship,0.0002319434310723,0.0569606943073298,0.4822537566592388,0.0003559296749019,0.0132585616198344,0.0020764912125172,0.347850073818181,0.0191653281583818,0.005567939943378,0.0722792811751645,True,France,Angleterre,False
Premier League,EFL Championship,0.0279878327017977,0.0070831300850563,0.4701820889765911,0.0077321194640652,0.0026667030047095,0.0091914821580685,0.0013032399539547,0.4693022375446247,0.0029175141509727,0.0016336519601593,True,Angleterre,Angleterre,True
LaLiga 2,Bundesliga 2,0.0545591675497951,0.4500117480617968,0.0352232855402555,0.0436644763073544,0.2984379482576983,0.0073683448199624,0.0013868000635296,0.0090863271346537,0.0848957498376022,0.0153661524273516,True,Espagne,Allemagne,False
Ligue 1,LaLiga 2,0.011692338896007,0.071970961337066,0.1830433992045368,0.0702785634128522,0.2809431308693232,0.2094080752867796,0.061483135395989,0.0622674192460359,0.0068999106099623,0.0420130657414477,True,France,Espagne,False
Ligue 2,Bundesliga,0.5019810880526259,0.0186043185550695,0.0954121975702174,0.0065011499747346,0.0037885164165985,0.0766633290734737,0.2580533224392878,0.0202094487188301,0.0116904495809483,0.0070961796182139,True,France,Allemagne,False
Serie A,Serie B,0.0873451498890649,0.0251643993463459,0.0346947510368578,0.0315096246662765,0.0521529723253997,0.0493718854229088,0.0635865871499272,0.0082908102306812,0.2119474822324425,0.435936337700095,True,Italie,Italie,True
Ligue 2,EFL Championship,0.0021418923127425,0.0519121835389591,0.58674338993265,0.0009296731014542,0.0051709299229663,0.022318519474306,0.1979433620675103,0.1260341829597438,0.003905128343273,0.0029007383463945,True,France,Angleterre,False
EFL Championship,Premier League,0.0183760586050677,0.148829747990199,0.3519466630851314,0.0067725482015873,0.0022828652791909,0.0226309335941103,0.0046483231042625,0.3809196969996508,0.0627745077560151,0.0008186553847846,True,Angleterre,Angleterre,True
LaLiga 2,EFL Championship,0.0344416262493727,0.0105173614502724,0.3301844371883397,0.1249245776097317,0.1305631596869633,0.0522393525596571,0.0457310033715506,0.0141608472797249,0.0502569992171448,0.2069806353872423,True,Espagne,Angleterre,False
Ligue 1,Serie B,0.0269929921364805,0.0087688315468359,0.0384167891204213,0.0365578553535989,0.2314083394644659,0.2332506233823646,0.0351579482025947,0.020036373565457,0.0590694159662214,0.3103408312615595,True,France,Italie,False
Serie B,EFL Championship,0.0016574892439686,0.0610362142993439,0.50400828455938,0.0030473936982049,0.0364212991670545,0.0057389471161554,0.0143379338507766,0.0215731227565072,0.0355361071321743,0.3166432081764342,True,Italie,Angleterre,False
LaLiga,LaLiga 2,0.0398505852293497,0.0419051990354271,0.1731241048774142,0.1825702107938239,0.251748076889928,0.078183346479518,0.0447754462036121,0.1270693968985636,0.0214952712435029,0.03927836234886,True,Espagne,Espagne,True
Ligue 1,Premier League,0.1129266903350165,0.0003341094834282,0.0038144428469725,0.0188471902790921,0.0001208241921766,0.3568317585071945,0.000757569635425,0.4450855810967743,0.0606718979556093,0.0006099356683105,True,France,Angleterre,False
Ligue 2,Serie B,0.0087028666691718,0.0430003596658849,0.1187729095597847,0.0256060804391162,0.0646714487810058,0.1276831025042135,0.0421151033601395,0.0745731346731804,0.034096648184792,0.4607783461627108,True,France,Italie,False
EFL Championship,Premier League,0.0334179410322339,0.0027607098758198,0.3050449439315907,0.0014617604264754,0.0005559794159545,0.0078247428884771,0.000923868463943,0.646879786627292,0.0005682854704814,0.0005619818677319,True,Angleterre,Angleterre,True
Premier League,EFL Championship,0.0005994594877375,0.0081903557461801,0.4772696401904721,0.0036568245677097,0.022342588441401,0.003138946986477,0.0077313467880076,0.4112462183174091,0.0176655136938561,0.0481591057807493,True,Angleterre,Angleterre,True
Bundesliga,EFL Championship,0.3227961858717533,0.017974207967215,0.3659507012318624,0.0100341044488435,0.0110292663994445,0.0224843554452313,0.0635860330957186,0.1327821744675904,0.0138003810703561,0.0395625900019843,True,Allemagne,Angleterre,False
Premier League,EFL Championship,0.0132222933967166,0.0009535033463067,0.6437265710923752,0.0018718991484758,0.0003652224396287,0.004044634052294,0.0003315817986487,0.3341329254789418,0.001106338017203,0.0002450312294094,True,Angleterre,Angleterre,True
Bundesliga 2,Bundesliga,0.926242171985581,0.0445709632948767,0.0098127244975703,0.0039524218338445,0.0006869223682632,0.0046593382070445,0.0018364995948632,0.0005674794295093,0.005904614015896,0.0017668647725509,True,Allemagne,Allemagne,True
Ligue 2,Ligue 1,0.0010114563107752,0.0142315205120889,0.1129553616434251,0.0039910560603423,0.0538168075985877,0.5062742673428942,0.0929455175133597,0.1658713767473061,0.0201106708043205,0.0287919654669,True,France,France,True
Bundesliga 2,EFL Championship,0.0444784402564815,0.188626718147074,0.5612782822668706,0.0207990026951804,0.0114240162776246,0.0204813989783095,0.0381296178514763,0.0953390624520371,0.0056823247068354,0.01376113636811,True,Allemagne,Angleterre,False
Bundesliga 2,Serie A,0.1423244901045091,0.08738922023916,0.0308398181427315,0.0975608313911247,0.0295611663647636,0.1018270024286018,0.0024435098558196,0.0689672676025734,0.396174427495709,0.042912266375007,True,Allemagne,Italie,False
LaLiga 2,Serie A,0.0110634058565498,0.0692792801750421,0.0681951253097311,0.0337605084741898,0.146703384761705,0.2329672375536289,0.0046991183572374,0.0558543058418068,0.3631405527228453,0.0143370809472634,True,Espagne,Italie,False
EFL Championship,Bundesliga 2,0.0091371076777374,0.4376064647572077,0.3136414999220319,0.0177821442740541,0.0025340764167021,0.0028563365822299,0.0560154154396859,0.0546109030219748,0.0046119032097783,0.1012041486985974,True,Angleterre,Allemagne,False
EFL Championship,LaLiga,0.0269197533113733,0.029414318105943,0.1784228107317491,0.5144776159846687,0.0024885219251398,0.0167882163053413,0.001555072207607,0.1678308548545933,0.056204599930427,0.0058982366431572,True,Angleterre,Espagne,False
Bundesliga 2,Ligue 2,0.0009886461600421,0.1722273228116569,0.0891754193133611,0.0038768236549039,0.0098691299412472,0.0025762263203005,0.6460148550214064,0.0010112072697684,0.023936923216762,0.050323446290551,True,Allemagne,France,False
EFL Championship,LaLiga 2,0.0144474312661748,0.0109336984128931,0.2252916775110879,0.0877204505121677,0.2496469195381459,0.0471375474267727,0.0267125495534984,0.1993301161641427,0.0068858291743853,0.131893780440731,True,Angleterre,Espagne,False
Premier League,EFL Championship,0.0193132088297262,0.0199184239385663,0.5140167966624068,0.0695407316812483,0.0260343506222979,0.0128229658893078,0.0038708163365016,0.3203392464338161,0.0077647432679284,0.0063787163382001,True,Angleterre,Angleterre,True
Ligue 2,LaLiga 2,0.0205802988446598,0.0134736086380468,0.0593100037560154,0.1421293715553717,0.3504723783680625,0.1114192645000105,0.1011222606551133,0.0236869914860784,0.0499415450486638,0.1278642771479774,True,France,Espagne,False
Ligue 1,Bundesliga 2,0.0164216762883491,0.3254750461464929,0.0135036245921909,0.0770239294578341,0.2588944214002608,0.2409860907422816,0.0055970136810145,0.0439987695468083,0.0121646106889677,0.0059348174557997,True,France,Allemagne,False
Ligue 2,Bundesliga 2,0.0002770339023735,0.4984361454800949,0.0166864979199984,0.0014535308164763,0.0351778513620493,0.0033112095490816,0.4258168551140979,0.0008312278454866,0.0015932301959162,0.0164164178144247,True,France,Allemagne,False
Premier League,EFL Championship,0.0378651156333487,0.027375493440178,0.583450881654916,0.0045812680448043,0.0037569653813439,0.0437497873082453,0.0409557014524669,0.2488366725048846,0.0046292173520673,0.0047988972277446,True,Angleterre,Angleterre,True
EFL Championship,Ligue 2,0.0002497623627707,0.0699718226795282,0.3282693677448408,0.0004476002574801,0.0456596916335743,0.0008000365459393,0.4502000247465006,0.001897598670178,0.0077932901615317,0.0947108051976559,True,Angleterre,France,False
Premier League,EFL Championship,0.0113248353747486,0.0072368991459746,0.6349548183090634,0.0154745255711146,0.0241773374699026,0.0437600205122441,0.0224614574022403,0.234962731684122,0.0021436091743762,0.0035037653562129,True,Angleterre,Angleterre,True
Ligue 1,LaLiga 2,0.0041911124927269,0.0023703152975768,0.0029775102309496,0.0634350291178419,0.6471709706328062,0.1005901340482372,0.0053262891360627,0.0145897082234546,0.1427055124207933,0.0166434183995504,True,France,Espagne,False
EFL Championship,Premier League,0.0206003708760131,0.0848031761405224,0.2778940223206506,0.0456483341458603,0.0047411534093672,0.0425599756194342,0.0022095975653975,0.4135109201032723,0.0948010281857361,0.0132314216337458,True,Angleterre,Angleterre,True
LaLiga,EFL Championship,0.0276615502956472,0.0498433569534156,0.3786077928095887,0.1496567510662103,0.000447352013116,0.0205009650271766,0.0057861440021163,0.3598291937283146,0.0065976443405444,0.00106924976387,True,Espagne,Angleterre,False
Ligue 2,Bundesliga 2,0.001570930958044,0.3859586129999188,0.2704495705065348,0.0013918503320013,0.0033050554104673,0.0187984396311333,0.2980281654477822,0.0107177863525866,0.0083708954939608,0.0014086928675704,True,France,Allemagne,False
Serie B,LaLiga 2,0.0017491250198917,0.048766503444057,0.0272384234816829,0.1806537967090602,0.3138689000766713,0.0072940763379842,0.0024386069012262,0.0216019303519814,0.1830078641452733,0.2133807735321713,True,Italie,Espagne,False
LaLiga 2,LaLiga,0.006330881580709,0.0037820832240364,0.057217787538193,0.604655336264859,0.1723441366745545,0.0232142138678588,0.0226818077840058,0.014311295362937,0.0851624459760974,0.0103000117267487,True,Espagne,Espagne,True
Bundesliga 2,EFL Championship,0.010071795046189,0.1694220191185668,0.3941504907611097,0.0011812114154578,0.0061482704174012,0.030691051048803,0.0861680105856884,0.24736914812031,0.0419350792488598,0.0128629242376139,True,Allemagne,Angleterre,False
Serie B,EFL Championship,0.0150666433583925,0.030134730728445,0.1943324814571519,0.0453163224941293,0.1346122063367586,0.142414516427063,0.1011995524289809,0.0762654889990141,0.0772539937516796,0.1834040640183848,True,Italie,Angleterre,False
Serie B,Ligue 2,0.0085433529968139,0.0122732659250945,0.2453795853765565,0.051277637242746,0.029877248201557,0.0552209405388067,0.3365062933074674,0.1372190589423493,0.0179098673274921,0.1057927501411163,True,Italie,France,False
Bundesliga 2,EFL Championship,0.0133601936255046,0.1485471188385578,0.2342296569944519,0.0074767125451497,0.1760912438848789,0.0152858837961744,0.0585527213546511,0.0138539186752778,0.1477102942490439,0.1848922560363095,True,Allemagne,Angleterre,False
Serie B,Bundesliga 2,0.0041516529243309,0.2497505489666753,0.0797778001371206,0.1260021056624407,0.1236992922348286,0.0384222990238013,0.0199708320655359,0.0453646148938853,0.1299845625271339,0.182876291564247,True,Italie,Allemagne,False
Serie B,Serie A,0.0452892973632408,0.02633563285825,0.0071993146320089,0.0106069245556637,0.0414386308378545,0.0195116979822257,0.0007601816638265,0.0090708828294824,0.4776519879029001,0.362135449374547,True,Italie,Italie,True
Premier League,EFL Championship,0.0027749626191115,0.0019041967802116,0.466355463172917,0.0108050324161584,0.005541695344536,0.0044228976221372,0.0016480278341679,0.4641028307256181,0.0316227345578329,0.0108221589273087,True,Angleterre,Angleterre,True
Premier League,EFL Championship,0.0037413188844707,0.0006882264647429,0.6821273788511089,0.0018969329426202,0.0018615712076911,0.0017859345643012,0.0004526036581294,0.3052352285404596,0.0018407246321979,0.0003700802542777,True,Angleterre,Angleterre,True
LaLiga 2,LaLiga,0.0072950854634651,0.0268458647655681,0.005996949476009,0.4166949878014163,0.4072459509516322,0.057613428495792,0.0026135307502311,0.0270514867802318,0.0316836748014294,0.0169590407142243,True,Espagne,Espagne,True
